-0.0070
-0.0068
-0.0064
-0.0063
-0.0065
-0.0064
-0.0052
-0.0026
0.0004
0.0030
0.0050
0.0072
0.0106
0.0150
0.0191
0.0218
0.0231
0.0239
0.0251
0.0268
0.0283
0.0288
0.0284
0.0277
0.0271
0.0263
0.0248
0.0228
0.0208
0.0193
0.0181
0.0164
0.0139
0.0113
0.0100
0.0107
0.0124
0.0135
0.0131
0.0118
0.0112
0.0124
0.0149
0.0170
0.0175
0.0163
0.0150
0.0147
0.0155
0.0164
0.0167
0.0163
0.0157
0.0150
0.0141
0.0128
0.0114
0.0106
0.0103
0.0097
0.0079
0.0050
0.0018
-0.0001
-0.0006
-0.0010
-0.0027
-0.0057
-0.0089
-0.0110
-0.0118
-0.0123
-0.0130
-0.0138
-0.0138
-0.0130
-0.0119
-0.0112
-0.0106
-0.0090
-0.0062
-0.0033
-0.0017
-0.0021
-0.0032
-0.0031
-0.0012
0.0011
0.0011
-0.0026
-0.0091
-0.0165
-0.0235
-0.0302
-0.0381
-0.0485
-0.0614
-0.0761
-0.0905
-0.1027
-0.1114
-0.1162
-0.1181
-0.1182
-0.1172
-0.1148
-0.1093
-0.0986
-0.0824
-0.0629
-0.0443
-0.0303
-0.0205
-0.0117
-0.0007
0.0128
0.0251
0.0311
0.0282
0.0184
0.0066
-0.0034
-0.0121
-0.0228
-0.0377
-0.0555
-0.0727
-0.0861
-0.0949
-0.0997
-0.1008
-0.0979
-0.0903
-0.0790
-0.0658
-0.0521
-0.0370
-0.0191
0.0015
0.0227
0.0418
0.0576
0.0711
0.0836
0.0947
0.1027
0.1066
0.1073
0.1057
0.1014
0.0925
0.0778
0.0595
0.0420
0.0288
0.0192
0.0094
-0.0033
-0.0176
-0.0294
-0.0349
-0.0330
-0.0255
-0.0157
-0.0064
0.0015
0.0102
0.0237
0.0448
0.0725
0.1014
0.1247
0.1398
0.1502
0.1625
0.1796
0.1968
0.2056
0.2017
0.1889
0.1736
0.1595
0.1449
0.1263
0.1023
0.0753
0.0484
0.0224
-0.0039
-0.0306
-0.0551
-0.0748
-0.0899
-0.1037
-0.1179
-0.1310
-0.1388
-0.1392
-0.1349
-0.1311
-0.1298
-0.1279
-0.1211
-0.1095
-0.0977
-0.0910
-0.0898
-0.0898
-0.0850
-0.0746
-0.0645
-0.0620
-0.0685
-0.0783
-0.0844
-0.0833
-0.0776
-0.0727
-0.0720
-0.0741
-0.0736
-0.0650
-0.0473
-0.0241
-0.0003
0.0214
0.0412
0.0613
0.0833
0.1064
0.1280
0.1465
0.1616
0.1735
0.1809
0.1823
0.1779
0.1709
0.1646
0.1590
0.1503
0.1340
0.1099
0.0840
0.0634
0.0498
0.0386
0.0249
0.0093
-0.0035
-0.0095
-0.0092
-0.0059
-0.0014
0.0068
0.0219
0.0428
0.0637
0.0804
0.0946
0.1122
0.1370
0.1660
0.1913
0.2065
0.2118
0.2136
0.2180
0.2256
0.2320
0.2334
0.2285
0.2185
0.2050
0.1897
0.1748
0.1628
0.1550
0.1486
0.1380
0.1191
0.0947
0.0721
0.0574
0.0494
0.0412
0.0268
0.0060
-0.0163
-0.0359
-0.0523
-0.0669
-0.0788
-0.0854
-0.0874
-0.0908
-0.1024
-0.1215
-0.1376
-0.1384
-0.1235
-0.1070
-0.1052
-0.1225
-0.1492
-0.1693
-0.1742
-0.1689
-0.1678
-0.1834
-0.2167
-0.2562
-0.2870
-0.3022
-0.3065
-0.3122
-0.3313
-0.3668
-0.4090
-0.4425
-0.4547
-0.4430
-0.4154
-0.3831
-0.3523
-0.3229
-0.2909
-0.2506
-0.2000
-0.1442
-0.0947
-0.0648
-0.0604
-0.0736
-0.0876
-0.0902
-0.0824
-0.0763
-0.0863
-0.1181
-0.1655
-0.2161
-0.2584
-0.2891
-0.3134
-0.3382
-0.3645
-0.3843
-0.3862
-0.3625
-0.3158
-0.2562
-0.1927
-0.1261
-0.0528
0.0257
0.0996
0.1587
0.2033
0.2443
0.2920
0.3443
0.3867
0.4053
0.4023
0.3950
0.3983
0.4075
0.4028
0.3706
0.3150
0.2522
0.1974
0.1539
0.1152
0.0768
0.0424
0.0194
0.0097
0.0078
0.0076
0.0098
0.0202
0.0411
0.0663
0.0854
0.0945
0.1037
0.1288
0.1758
0.2341
0.2854
0.3179
0.3338
0.3453
0.3614
0.3787
0.3849
0.3694
0.3330
0.2876
0.2457
0.2112
0.1801
0.1467
0.1088
0.0678
0.0268
-0.0114
-0.0458
-0.0773
-0.1078
-0.1383
-0.1685
-0.1959
-0.2179
-0.2334
-0.2436
-0.2509
-0.2566
-0.2608
-0.2653
-0.2733
-0.2856
-0.2992
-0.3083
-0.3091
-0.3028
-0.2957
-0.2925
-0.2919
-0.2864
-0.2694
-0.2437
-0.2202
-0.2068
-0.1999
-0.1894
-0.1674
-0.1349
-0.0995
-0.0669
-0.0357
0.0003
0.0442
0.0911
0.1331
0.1678
0.1993
0.2317
0.2644
0.2921
0.3102
0.3199
0.3271
0.3347
0.3392
0.3352
0.3215
0.3020
0.2818
0.2628
0.2422
0.2159
0.1836
0.1510
0.1272
0.1158
0.1120
0.1082
0.1007
0.0938
0.0969
0.1165
0.1489
0.1826
0.2065
0.2193
0.2303
0.2500
0.2788
0.3086
0.3287
0.3339
0.3276
0.3170
0.3076
0.3003
0.2921
0.2795
0.2605
0.2352
0.2061
0.1783
0.1563
0.1415
0.1308
0.1175
0.0972
0.0717
0.0476
0.0304
0.0204
0.0127
0.0013
-0.0172
-0.0407
-0.0626
-0.0787
-0.0898
-0.1007
-0.1142
-0.1282
-0.1377
-0.1412
-0.1410
-0.1401
-0.1385
-0.1316
-0.1162
-0.0956
-0.0787
-0.0719
-0.0721
-0.0697
-0.0597
-0.0491
-0.0515
-0.0743
-0.1125
-0.1527
-0.1865
-0.2186
-0.2621
-0.3236
-0.3961
-0.4672
-0.5299
-0.5847
-0.6336
-0.6735
-0.6956
-0.6933
-0.6708
-0.6376
-0.5963
-0.5392
-0.4584
-0.3599
-0.2637
-0.1890
-0.1391
-0.0995
-0.0526
0.0024
0.0457
0.0573
0.0358
-0.0023
-0.0391
-0.0702
-0.1059
-0.1567
-0.2210
-0.2854
-0.3356
-0.3687
-0.3903
-0.4035
-0.4024
-0.3784
-0.3299
-0.2658
-0.1983
-0.1329
-0.0661
0.0087
0.0912
0.1711
0.2373
0.2859
0.3217
0.3510
0.3748
0.3890
0.3908
0.3816
0.3647
0.3392
0.3012
0.2498
0.1915
0.1372
0.0939
0.0588
0.0229
-0.0176
-0.0565
-0.0816
-0.0851
-0.0700
-0.0456
-0.0193
0.0056
0.0310
0.0619
0.1039
0.1594
0.2246
0.2875
0.3351
0.3671
0.3950
0.4300
0.4710
0.5034
0.5111
0.4914
0.4563
0.4211
0.3895
0.3519
0.2983
0.2326
0.1668
0.1083
0.0539
-0.0028
-0.0626
-0.1180
-0.1613
-0.1936
-0.2234
-0.2556
-0.2851
-0.3031
-0.3065
-0.3010
-0.2955
-0.2930
-0.2877
-0.2730
-0.2508
-0.2311
-0.2226
-0.2226
-0.2195
-0.2052
-0.1828
-0.1648
-0.1623
-0.1744
-0.1881
-0.1897
-0.1758
-0.1562
-0.1440
-0.1424
-0.1423
-0.1312
-0.1027
-0.0613
-0.0169
0.0232
0.0587
0.0948
0.1345
0.1751
0.2116
0.2422
0.2682
0.2907
0.3072
0.3133
0.3076
0.2941
0.2799
0.2687
0.2562
0.2345
0.2007
0.1606
0.1236
0.0955
0.0740
0.0525
0.0287
0.0065
-0.0079
-0.0119
-0.0093
-0.0044
0.0040
0.0203
0.0451
0.0742
0.1004
0.1205
0.1392
0.1644
0.1982
0.2334
0.2596
0.2719
0.2746
0.2762
0.2816
0.2892
0.2934
0.2892
0.2766
0.2590
0.2398
0.2200
0.2019
0.1882
0.1782
0.1674
0.1504
0.1249
0.0965
0.0743
0.0621
0.0542
0.0424
0.0227
-0.0011
-0.0232
-0.0412
-0.0567
-0.0707
-0.0816
-0.0867
-0.0883
-0.0938
-0.1078
-0.1251
-0.1338
-0.1269
-0.1104
-0.0995
-0.1055
-0.1267
-0.1487
-0.1579
-0.1541
-0.1489
-0.1545
-0.1751
-0.2050
-0.2331
-0.2508
-0.2572
-0.2590
-0.2669
-0.2879
-0.3183
-0.3471
-0.3628
-0.3600
-0.3414
-0.3150
-0.2878
-0.2626
-0.2376
-0.2082
-0.1711
-0.1285
-0.0876
-0.0579
-0.0457
-0.0496
-0.0601
-0.0661
-0.0631
-0.0557
-0.0546
-0.0687
-0.0966
-0.1294
-0.1582
-0.1790
-0.1940
-0.2084
-0.2247
-0.2397
-0.2467
-0.2382
-0.2127
-0.1766
-0.1371
-0.0971
-0.0551
-0.0095
0.0364
0.0759
0.1052
0.1273
0.1499
0.1768
0.2023
0.2176
0.2200
0.2154
0.2129
0.2150
0.2154
0.2050
0.1804
0.1471
0.1151
0.0895
0.0681
0.0478
0.0288
0.0142
0.0058
0.0024
0.0009
0.0008
0.0042
0.0130
0.0252
0.0357
0.0414
0.0447
0.0522
0.0687
0.0927
0.1169
0.1340
0.1419
0.1448
0.1486
0.1545
0.1580
0.1538
0.1402
0.1202
0.0995
0.0820
0.0681
0.0558
0.0426
0.0275
0.0118
-0.0027
-0.0152
-0.0254
-0.0344
-0.0433
-0.0528
-0.0623
-0.0706
-0.0761
-0.0789
-0.0800
-0.0811
-0.0828
-0.0850
-0.0878
-0.0919
-0.0974
-0.1031
-0.1064
-0.1059
-0.1031
-0.1013
-0.1012
-0.1006
-0.0967
-0.0884
-0.0787
-0.0714
-0.0677
-0.0649
-0.0590
-0.0486
-0.0361
-0.0243
-0.0136
-0.0018
0.0121
0.0266
0.0389
0.0481
0.0557
0.0640
0.0730
0.0798
0.0821
0.0810
0.0795
0.0798
0.0808
0.0799
0.0751
0.0675
0.0598
0.0536
0.0482
0.0416
0.0332
0.0244
0.0175
0.0138
0.0126
0.0123
0.0121
0.0125
0.0147
0.0194
0.0260
0.0330
0.0392
0.0444
0.0489
0.0537
0.0590
0.0645
0.0693
0.0723
0.0731
0.0717
0.0689
0.0656
0.0623
0.0589
0.0544
0.0485
0.0415
0.0347
0.0296
0.0264
0.0242
0.0217
0.0182
0.0142
0.0104
0.0076
0.0060
0.0048
0.0035
0.0013
-0.0016
-0.0048
-0.0073
-0.0090
-0.0102
-0.0121
-0.0149
-0.0182
-0.0207
-0.0217
-0.0218
-0.0220
-0.0225
-0.0224
-0.0206
-0.0174
-0.0142
-0.0125
-0.0122
-0.0121
-0.0110
-0.0097
-0.0099
-0.0123
-0.0160
-0.0193
-0.0217
-0.0244
-0.0285
-0.0339
-0.0391
-0.0432
-0.0470
-0.0521
-0.0588
-0.0647
-0.0670
-0.0652
-0.0611
-0.0574
-0.0547
-0.0513
-0.0450
-0.0360
-0.0267
-0.0200
-0.0162
-0.0139
-0.0116
-0.0091
-0.0074
-0.0073
-0.0082
-0.0091
-0.0096
-0.0107
-0.0134
-0.0174
-0.0212
-0.0236
-0.0245
-0.0251
-0.0262
-0.0275
-0.0275
-0.0246
-0.0189
-0.0119
-0.0053
0.0005
0.0061
0.0120
0.0181
0.0233
0.0267
0.0284
0.0293
0.0301
0.0308
0.0306